1615799489159172101
1615809527512969216
1615860943388573707
1615831254590529549
1615829532618940416
1615807562636726272
1615778137937166353
1615766662174879745
1615739277547278337
1615694827424780288
1615685341792591872
1615671388072996865
1615662113594437633
1616498159697502212
1616493837278674949
1616465258599809034
1616455185538195456
1616442678530527233
1616441446441316354
1616432192808456193
1616373106486161409
1616331063885807617
1616311314846191616
1616285036592107520
1616252050504835075
1616251440783130624
1616251069759197201
1616222054683910146
1616196571745370113
1616153143670079496
1616124630338793473
1617207630036094976
1617156587080060928
1617052804094300160
1617050841466212353
1617017640282906626
1616993248836452352
1616992167527866368
1616992077237174272
1616991797095587840
1616958895624454145
1616952918435065857
1617637526214430722
1617630074253213696
1617646862827393031
1617639302321799169
