1627389715388268546
1627389452887773186
1627389397153767424
1627371677196685312
1627151060597981184
1627086889487593473
1627084977761558528
1627061634752733184
1626469162360119297
1627041257741778949
1626054890794409984
1625632151940247552
1625608848328503296
1625602530917994496
1625457061373804544
1626737963521691649
1626549428495736833
1626379794932994049
1626257873167650820
1626089871185186816
1626287748066775040
1627035223551807488
1625647432468946944
1627040882514878464
1626635545152454657
1627494631280635905
1627416587383758851
1627490339354480640
1627702171637784576
1627463407803719680
1627399373394186241
1626540414768660480
1627061368632532998
1627008700857872385
1627816137588187137
1627830052686598147
1627852505442037760
1627820410606866432
1627815831467077632
1627815126182121472
1627801910198824961
1627877456341520389
1627831204803186695
1628440363651440640
1627878129086922752
1627526015689043968
1627444253499744256
1629259289792745475
1628261200462241794
1628189560403271681
1627774376056872960
1627462298284466177
1629247221601341451
1629263675839193088
